% -------------------------------------------------------------------
%  Generated by MATLAB on 16-Jan-2025 15:34:39
%  MATLAB version: 24.2.0.2806996 (R2024b) Update 3
% -------------------------------------------------------------------
                                           

Test_Centre = struct;
Test_Centre.Trajectory = struct;
Test_Centre.Trajectory.x = struct;
Test_Centre.Trajectory.x.Value = [116.1458333333332 120.98944082070264 ...
                                  125.84586358048654 130.71041398842959 ...
                                  135.57840442027657 140.44514725177214 ...
                                  145.30595485866107 150.15613961668805 ...
                                  154.99101390159782 159.80589008913512 ...
                                  164.59608055504461 169.35689767507108 ...
                                  174.08368438202589 178.77201057695834 ...
                                  183.41754833356785 188.0159702171099 ...
                                  192.56294879284007 197.05415662601382 ...
                                  201.48526628188671 205.8519503257142 ...
                                  210.14988132275184 214.37473183825514 ...
                                  218.52130691370243 222.57850007332959 ...
                                  226.53273903109471 230.37044330621043 ...
                                  234.0780324178894 237.64192588534425 ...
                                  241.04854322778763 244.28430396443215 ...
                                  247.33562761449048 250.19035176166852 ...
                                  252.85577033177643 255.35330180179358 ...
                                  257.70468195115245 259.93164655928541 ...
                                  262.055931405625 264.09927226960372 266.08340493065384 ...
                                  268.030065168208 269.96086189499334 271.89097188959357 ...
                                  273.82622714197061 275.77172464766147 ...
                                  277.732561402203 279.71383440113209 281.72064063998573 ...
                                  283.75807711430082 285.83124081961432 ...
                                  287.94522875146305 290.105137905384 292.31606527691412 ...
                                  294.58310786159029 296.91136265494941 ...
                                  299.30592665252846 301.756420708739 304.17576399649982 ...
                                  306.45315718989241 308.47779398039887 ...
                                  310.13886805950119 311.3255731186814 ...
                                  311.9271028494216 311.839280934691 311.0530092389788 ...
                                  309.63032647807307 307.63498641981886 ...
                                  305.13074283206123 302.18134948264509 ...
                                  298.85052414362866 295.19214280134179 ...
                                  291.23692307084769 287.01225424585692 ...
                                  282.54552562008018 277.86412648722779 ...
                                  272.99544614101035 267.96687387513845 ...
                                  262.80577108329311 257.53581762641414 ...
                                  252.17337270188798 246.73393010372959 ...
                                  241.23298362595398 235.68602706257593 ...
                                  230.10855420761058 224.51605885507283 ...
                                  218.9240347989776 213.34797583333983 ...
                                  207.80337575217462 202.30477591032607 ...
                                  196.85373098171291 191.44240818951141 ...
                                  186.06276601702967 180.70676294757618 ...
                                  175.36635746445913 170.03350805098682 ...
                                  164.70017319046764 159.35831136620979 ...
                                  153.99988106152159 148.61684075971138 ...
                                  143.20114894408741 137.74476409795798 ...
                                  132.240418531166 126.70030880981676 121.15706907792706 ...
                                  115.64430211568667 110.1956107032854 ...
                                  104.84459762091302 99.624865648759226 ...
                                  94.5700175670141 89.713656155867142 85.08938419550816 ...
                                  80.730804466127211 76.657663248250586 ...
                                  72.834216168279042 69.210830006362755 ...
                                  65.737871542650964 62.365707557292659 ...
                                  59.044704830437283 55.725230142234047 ...
                                  52.357650272831975 48.8923320023805 45.279642111028771 ...
                                  41.470034936954256 37.436983146410974 ...
                                  33.207699192481343 28.817051112904842 ...
                                  24.299906945421309 19.691134727770038 ...
                                  15.025602497690581 10.338178292922798 ...
                                  5.6637301512059608 1.0371261102796439 ...
                                  -3.5067657921164042 -7.9330775182426194 ...
                                  -12.206941030359715 -16.293488290727836 ...
                                  -20.157851261607462 -23.765161905259234 ...
                                  -27.080552183943354 -30.072808538407166 ...
                                  -32.798580479008152 -35.404550907941314 ...
                                  -38.041491351353734 -40.860173335392588 ...
                                  -44.011368386204786 -47.645848029937618 ...
                                  -51.903674903313387 -56.728064327835654 ...
                                  -61.889476573093219 -67.15250723158934 ...
                                  -72.281751895827043 -77.041806158309583 ...
                                  -81.197265611540473 -84.520590923279769 ...
                                  -86.929790351556434 -88.4711299158942 ...
                                  -89.195265400318291 -89.152852588854145 ...
                                  -88.394547265527109 -86.971005214362592 ...
                                  -84.932882219385931 -82.330834064622579 ...
                                  -79.215516534097731 -75.637585411836909 ...
                                  -71.647696481865466 -67.296505528208755 ...
                                  -62.63466833489214 -57.712840685941 -52.581678365380618 ...
                                  -47.291837157236664 -41.8939728455342 ...
                                  -36.438741214298588 -30.976798047555548 ...
                                  -25.558799129330119 -20.235400243647625 ...
                                  -15.057257174533774 -10.07502570601379 ...
                                  -5.3294171636102528 -0.81671154169934468 ...
                                  3.4792153287636918 7.5744881737378655 ...
                                  11.485231719181673 15.227570691053945 ...
                                  18.817629815313438 22.271533817918908 ...
                                  25.605407424829089 28.83537536200275 ...
                                  31.977562355398703 35.048093130975509 ...
                                  38.063092414692164 41.038684932507174 ...
                                  43.987100754914906 46.903203378969259 ...
                                  49.777017532985425 52.598567739119169 ...
                                  55.357878519526743 58.044974396363934 ...
                                  60.649879891786981 63.162619527951776 ...
                                  65.573217827014233 67.871699311130484 ...
                                  70.048088502456608 72.092409923148551 ...
