% -------------------------------------------------------------------
%  Generated by MATLAB on 16-Jan-2025 15:34:39
%  MATLAB version: 24.2.0.2806996 (R2024b) Update 3
% -------------------------------------------------------------------
                                                 

Passes4Curve_Loop = struct;
Passes4Curve_Loop.Trajectory = struct;
Passes4Curve_Loop.Trajectory.x = struct;
Passes4Curve_Loop.Trajectory.x.Value = ...
  [0 0.94774115213013388 1.8910432987854155 2.8448644112107888 3.8241583776658143 ...
   4.8396695834232517 5.8899840110338681 6.9715054494543764 8.0806376875549031 ...
   9.2137845142912376 10.367349718538225 11.537737089321752 12.721350415331276 ...
   13.91459348572447 15.113870089371446 16.315584015065657 17.516139051847556 ...
   18.711938988657852 19.899387906598058 21.07582850792792 22.241625954598064 ...
   23.397752601755521 24.545180804986835 25.684882919642785 26.817831301045455 ...
   27.944998304586115 29.067356285751103 30.185877599925085 31.301534602373248 ...
   32.415299648643561 33.528145093950393 34.641043293863852 35.75496660375692 ...
   36.870887378929581 37.989776295575446 39.112232698344712 40.23801977720877 ...
   41.366786387745812 42.498181385490831 43.631853625935491 44.767451964571464 ...
   45.904625257064524 47.043022358794794 48.182292125430877 49.322083412286524 ...
   50.462045075093876 51.601825969210026 52.741074950236182 53.87944087366121 ...
   55.01657259511417 56.152118970011813 57.285728853844894 58.417051102306822 ...
   59.545734570747229 60.671428114771025 61.793791541866284 62.912820718161761 ...
   64.028902275142755 65.142444815615846 66.253856942566529 67.363547258934076 ...
   68.47192436754635 69.579396871281958 70.686373373142828 71.793262476028815 ...
   72.9004727826793 74.008412896147 75.117491419304926 76.228116955094393 ...
   77.340698106366261 78.4556312898309 79.572823474992816 80.691536582811 ...
   81.8109884825741 82.9303970432158 84.048980134128627 85.165955624379848 ...
   86.280541383189714 87.391955279597738 88.499415182778023 89.602138962106579 ...
   90.699344486513141 91.790249625286165 92.8740722474834 93.9500302223711 ...
   95.017341419011814 96.0754683729682 97.12654210825373 98.174335313040672 ...
   99.2226446593892 100.27526681920391 101.33599846468627 102.40863626774009 ...
   103.49697690042692 104.6048170347255 105.73412749060199 106.87885730901259 ...
   108.03075317344637 109.18156170598792 110.32302952847832 111.44690326317392 ...
   112.54492953215687 113.60885495739065 114.63042616106294 115.60138976505525 ...
   116.5134923915827 117.35848066273029 118.12625617850637 118.78331224304665 ...
   119.28005408965876 119.56657082672335 119.59295156245743 119.31209741549939 ...
   118.73460990496733 117.92516257919068 116.95051259485427 115.87123245159967 ...
   114.72785039371588 113.55684120326879 112.39456552963794 111.26432896349476 ...
   110.16447846644861 109.0905479498459 108.038071324635 107.00258250224903 ...
   105.97961539363565 104.96470391028366 103.95338196330928 102.9411834637515 ...
   101.92364232308701 100.89651333016859 99.858503601175087 98.81042510191979 ...
   97.7531350741605 96.6874907598171 95.614349400713735 94.534568238680123 ...
   93.449004515472936 92.358515472904458 91.263958353041 90.166190397492059 ...
   89.066068848106511 87.964450946890864 86.862193935540176 85.760155055900569 ...
   84.65919154980439 83.560121954405375 82.46315962085194 81.368038335453264 ...
   80.274478730476616 79.182201438664933 78.090927092444943 77.000376324130968 ...
   75.910269766488142 74.82032805184997 73.730271812761387 72.639821681778116 ...
   71.548698291399788 70.456622273960079 69.363314262200078 68.2684948884821 ...
   67.171884785278067 66.073204585210092 64.972174920670156 63.86851642430527 ...
   62.761949728407572 61.652236783372274 60.539448503925833 59.42379570562813 ...
   58.305489894846112 57.184742578101449 56.061765261738074 54.936769452260272 ...
   53.80996665614267 52.681568379780025 51.551786129708553 50.420831412058554 ...
   49.28891573357096 48.156250600637655 47.0230475196688 45.889517997054284 ...
   44.75587353924675 43.622325652837979 42.489085843992946 41.356365619411271 ...
   40.224376485352067 39.093329948378425 37.963437514836045 36.834910691242904 ...
   35.707915882358677 34.58220035884063 33.457283770077588 32.332683501666843 ...
   31.207916939107886 30.082501467985306 28.955954473950609 27.827793342450047 ...
   26.697535459280072 25.564698209772629 24.428798979632838 23.289355154460903 ...
   22.145964212115292 20.999152795998409 19.850046107040896 18.699779281564798 ...
   17.549487455921703 16.400305766350748 15.253369349189438 14.109813340746973 ...
   12.970772877315664 11.837383095199055 10.710779130687554 9.5920961201270529 ...
   8.4824691998357018 7.3830335060652841 6.2946313154093225 5.210527719270214 ...
   4.1159114177422875 2.9955782827695465 1.8383239433597613 0.70709606649372181 ...
   -0.26974219090730933 -0.96158383655599367 -1.2378218781717232 -1.0123020384798127 ...
   -0.39324613812944215 0.45800999630576733 1.394775403493792 2.37044463818254 ...
   3.3802661088328083 4.4196291753338 5.483923197824585 6.5685375362682565 ...
   7.668861550736624 8.7802852399792215 9.8990387933613029 11.023846547426393 ...
   12.153893512279527 13.288364698062495 14.426445115235166 15.567319773826869 ...
   16.710173684212794 17.854191856594504 18.998559301057792 20.142461027989629 ...
   21.285082047529936 22.425607369960776 23.563222005558522 24.697110964464056 ...
   25.826459256956603 26.950631510230366 28.070156856609689 29.186028778883237 ...
   30.299241964715183 31.410791101693913 32.521670877573015 33.632875979948366 ...
   34.745401096583421 35.860240915077867 36.9783901231565 38.100843408434571 ...
   39.228592479773965 40.361958977891319 41.499750138980943 42.640565250779517 ...
   43.783003600657651 44.925664476249878 46.067147165306558 47.206050955227909 ...
   48.340975133684275 49.470518988184551 50.593281806422183 51.707872852482943 ...
   52.813776247400483 53.912020626912117 55.003792255613092 56.090277398102458 ...
   57.1726623187774 58.252133282307085 59.329876553129139 60.407078395711849 ...
   61.484925074738044 62.564602854697071 63.647298000076582 64.734196775382443 ...
   65.826485445235818 66.925350274055177 68.031977526416526 69.147038762002083 ...
   70.268670953880189 71.394232217843381 72.521080459445614 73.646573584147689 ...
   74.768069497388339 75.882926104597757 76.988501311175838 78.082153022684579 ...
   79.161239144432528 80.223168199938328 81.2684228290788 82.3022719689162 ...
   83.330398794472018 84.358486480914934 85.392218203210632 86.437277136302058 ...
   87.49934645531782 88.58070863286153 89.634219065704158 90.575416018371683 ...
   91.31891917023961 91.780407848147334 91.918292515952984 91.747399013627728 ...
   91.288326657517871 90.581648365327553 89.679834866007866 88.635515161153577 ...
   87.501318252448343 86.329737126832768 85.162871667891835 84.025278014361575 ...
   82.938515509509259 81.904907897781229 80.91213068390914 79.947491659925632 ...
   78.998298618151125 78.0518593505224 77.095552799083919 76.121738255518167 ...
   75.130934003076874 74.1244141735195 73.103452898256393 72.069324308978793 ...
   71.0233025371799 69.966661714565873 68.900675972649239 67.826619443086329 ...
   66.74576625746063 65.659390547318921 64.5687664441994 63.475168079866187 ...
   62.379869585753568 61.284096996363509 60.188288920371811 59.092241170268117 ...
   57.995730761666877 56.898534709661611 55.800430029704508 54.701193737197706 ...
   53.600602847551016 52.498434376035824 51.394465338128228 50.288472749033296 ...
   49.180233624264787 48.069524979147708 46.956123896625712 45.839925430113688 ...
   44.721185082830637 43.600226959902386 42.477375166399248 41.352953807394435 ...
